Miro 1 50 -0.28
Miro 51 150 0.137254901961
Miro 151 250 -0.1
Miro 251 350 0.0
Miro 351 450 0.111111111111
Miro 451 550 -0.272727272727
Miro 551 650 -0.162790697674
Miro 651 750 0.0
Miro 751 850 -0.151515151515
Miro 851 950 0.0810810810811
Miro 951 1050 -0.234042553191
Miro 1051 1150 -0.210526315789
Miro 1151 1250 -0.268292682927
Miro 1251 1350 -0.0212765957447
Miro 1351 1450 -0.333333333333
Miro 1451 1550 0.121951219512
Miro 1551 1650 -0.027027027027
Miro 1651 1750 -0.297297297297
Miro 1751 1850 0.025641025641
Miro 1851 1950 -0.192307692308
Miro 1951 2050 -0.142857142857
Miro 2051 2150 0.0
Miro 2151 2250 -0.268292682927
Miro 2251 2350 0.0555555555556
Miro 2351 2450 0.0666666666667
Miro 2451 2550 -0.157894736842
Miro 2551 2650 -0.209302325581
Miro 2651 2750 0.0222222222222
Miro 2751 2850 -0.0666666666667
Miro 2851 2950 0.0232558139535
Miro 2951 3050 0.130434782609
Miro 3051 3150 -0.266666666667
Miro 3151 3250 -0.209302325581
Miro 3251 3350 -0.15
Miro 3351 3450 -0.209302325581
Miro 3451 3550 -0.257142857143
Miro 3551 3650 -0.0588235294118
Miro 3651 3750 -0.0232558139535
Miro 3751 3850 -0.155555555556
Miro 3851 3950 -0.222222222222
Miro 3951 4050 -0.0555555555556
Miro 4051 4150 -0.162790697674
Miro 4151 4250 -0.130434782609
Miro 4251 4350 0.0
Miro 4351 4450 -0.025641025641
Miro 4451 4550 -0.210526315789
Miro 4551 4650 -0.025641025641
Miro 4651 4750 0.0526315789474
Miro 4751 4850 -0.0612244897959
Miro 4851 4950 -0.0232558139535
Miro 4951 5050 -0.12
Miro 5051 5150 0.0588235294118
Miro 5151 5250 -0.222222222222
Miro 5251 5350 -0.317073170732
Miro 5351 5450 -0.217391304348
Miro 5451 5550 0.0
Miro 5551 5650 -0.162790697674
Miro 5651 5750 0.025641025641
Miro 5751 5850 -0.063829787234
Miro 5851 5950 0.0212765957447
Miro 5951 6050 0.0285714285714
Miro 6051 6150 0.0731707317073
Miro 6151 6250 -0.333333333333
Miro 6251 6350 0.0
Miro 6351 6450 0.16
Miro 6451 6550 0.0243902439024
Miro 6551 6650 0.0222222222222
Miro 6651 6750 -0.255813953488
Miro 6751 6850 -0.05
Miro 6851 6950 -0.190476190476
Miro 6951 7050 -0.162790697674
Miro 7051 7150 -0.105263157895
Miro 7151 7250 0.0526315789474
Miro 7251 7350 0.0232558139535
Miro 7351 7450 -0.333333333333
Miro 7451 7550 -0.162790697674
Miro 7551 7650 0.0
Miro 7651 7750 -0.105263157895
Miro 7751 7850 -0.333333333333
Miro 7851 7950 -0.162790697674
Miro 7951 8050 -0.173913043478
Miro 8051 8150 -0.0697674418605
Miro 8151 8250 -0.117647058824
Miro 8251 8350 -0.16
Miro 8351 8450 -0.0322580645161
Miro 8451 8550 0.0454545454545
Miro 8551 8650 -0.0243902439024
Miro 8651 8750 -0.142857142857
Miro 8751 8850 0.181818181818
Miro 8851 8950 -0.121951219512
Miro 8951 9050 0.0434782608696
Miro 9051 9150 0.0222222222222
Miro 9151 9250 -0.285714285714
Miro 9251 9350 -0.136363636364
Miro 9351 9450 0.0232558139535
Miro 9451 9550 0.047619047619
Miro 9551 9650 0.162790697674
Miro 9651 9750 0.151515151515
Miro 9751 9850 -0.244444444444
Miro 9851 9950 -0.179487179487
Miro 9951 10050 -0.0588235294118
Miro 10051 10150 -0.179487179487
Miro 10151 10250 -0.380952380952
Miro 10251 10350 -0.257142857143
Miro 10351 10450 -0.025641025641
Miro 10451 10550 -0.35
Miro 10551 10650 -0.282051282051
Miro 10651 10750 0.170731707317
Miro 10751 10850 -0.363636363636
Miro 10851 10950 -0.333333333333
Miro 10951 11050 -0.351351351351
Miro 11051 11150 0.0243902439024
Miro 11151 11250 -0.111111111111
Miro 11251 11350 -0.0555555555556
Miro 11351 11450 -0.0697674418605
Miro 11451 11550 -0.0434782608696
Miro 11551 11650 -0.155555555556
Miro 11651 11750 -0.183673469388
Miro 11751 11850 -0.1
Miro 11851 11950 0.0769230769231
Miro 11951 12050 -0.128205128205
Miro 12051 12150 -0.153846153846
Miro 12151 12250 -0.2
Miro 12251 12350 -0.0769230769231
Miro 12351 12450 -0.0952380952381
Miro 12451 12550 -0.230769230769
Miro 12551 12650 -0.333333333333
Miro 12651 12750 0.0
Miro 12751 12850 -0.0204081632653
Miro 12851 12950 -0.238095238095
Miro 12951 13050 -0.0243902439024
Miro 13051 13150 -0.3
Miro 13151 13250 0.05
Miro 13251 13350 -0.0833333333333
Miro 13351 13450 -0.0666666666667
Miro 13451 13550 -0.2
Miro 13551 13650 -0.219512195122
Miro 13651 13750 0.0204081632653
Miro 13751 13850 -0.25
Miro 13851 13950 -0.025641025641
Miro 13951 14050 -0.444444444444
Miro 14051 14150 -0.0285714285714
Miro 14151 14250 -0.25
Miro 14251 14350 -0.444444444444
Miro 14351 14450 -0.106382978723
Miro 14451 14550 0.0434782608696
Miro 14551 14650 -0.285714285714
Miro 14651 14750 0.0188679245283
Miro 14751 14850 0.0666666666667
Miro 14851 14950 0.0
Miro 14951 15050 -0.142857142857
Miro 15051 15150 -0.170731707317
Miro 15151 15250 0.0
Miro 15251 15350 -0.162790697674
Miro 15351 15450 -0.0952380952381
Miro 15451 15550 0.0909090909091
Miro 15551 15650 -0.130434782609
Miro 15651 15750 0.0526315789474
Miro 15751 15850 -0.189189189189
Miro 15851 15950 -0.116279069767
Miro 15951 16050 -0.142857142857
Miro 16051 16150 -0.285714285714
Miro 16151 16250 0.0
Miro 16251 16350 -0.297297297297
Miro 16351 16450 -0.176470588235
Miro 16451 16550 -0.0857142857143
Miro 16551 16650 -0.192307692308
Miro 16651 16750 -0.209302325581
Miro 16751 16850 0.0810810810811
Miro 16851 16950 -0.0909090909091
Miro 16951 17050 0.0
Miro 17051 17150 -0.395348837209
Miro 17151 17250 0.121951219512
Miro 17251 17350 -0.136363636364
Miro 17351 17450 -0.025641025641
Miro 17451 17550 -0.0731707317073
Miro 17551 17650 -0.130434782609
Miro 17651 17750 -0.0769230769231
Miro 17751 17850 -0.1
Miro 17851 17950 -0.217391304348
Miro 17951 18050 -0.130434782609
Miro 18051 18150 -0.317073170732
Miro 18151 18250 -0.148936170213
Miro 18251 18350 -0.025641025641
Miro 18351 18450 0.0285714285714
Miro 18451 18550 0.1
Miro 18551 18650 -0.297297297297
Miro 18651 18750 0.027027027027
Miro 18751 18850 -0.0909090909091
Miro 18851 18950 -0.0612244897959
Miro 18951 19050 0.0731707317073
Miro 19051 19150 -0.105263157895
Miro 19151 19250 0.0909090909091
Miro 19251 19350 -0.0454545454545
Miro 19351 19450 -0.391304347826
Miro 19451 19550 -0.254901960784
Miro 19551 19650 -0.128205128205
Miro 19651 19750 -0.283018867925
Miro 19751 19850 -0.0731707317073
Miro 19851 19950 -0.219512195122
Miro 19951 20050 0.0212765957447
Miro 20051 20150 -0.317073170732
Miro 20151 20250 0.136363636364
Miro 20251 20350 -0.268292682927
Miro 20351 20450 -0.05
Miro 20451 20550 -0.030303030303
Miro 20551 20650 -0.0526315789474
Miro 20651 20750 -0.181818181818
Miro 20751 20850 -0.411764705882
Miro 20851 20950 -0.1
Miro 20951 21050 -0.0909090909091
Miro 21051 21150 -0.128205128205
Miro 21151 21250 0.0196078431373
Miro 21251 21350 -0.166666666667
Miro 21351 21450 -0.272727272727
Miro 21451 21550 -0.047619047619
Miro 21551 21650 -0.181818181818
Miro 21651 21750 -0.230769230769
Miro 21751 21850 -0.0731707317073
Miro 21851 21950 0.176470588235
Miro 21951 22050 0.3
Miro 22051 22150 -0.135135135135
Miro 22151 22250 -0.151515151515
Miro 22251 22350 -0.148936170213
Miro 22351 22450 -0.0952380952381
Miro 22451 22550 -0.190476190476
Miro 22551 22650 -0.0243902439024
Miro 22651 22750 -0.111111111111
Miro 22751 22850 -0.191489361702
Miro 22851 22950 -0.333333333333
Miro 22951 23050 -0.105263157895
Miro 23051 23150 -0.0612244897959
Miro 23151 23250 -0.0222222222222
Miro 23251 23350 0.0555555555556
Miro 23351 23450 -0.238095238095
Miro 23451 23550 -0.0612244897959
Miro 23551 23650 0.0
Miro 23651 23750 0.063829787234
Miro 23751 23850 -0.0243902439024
Miro 23851 23950 0.0869565217391
Miro 23951 24050 -0.0434782608696
Miro 24051 24150 0.0232558139535
Miro 24151 24250 0.047619047619
Miro 24251 24350 -0.189189189189
Miro 24351 24450 -0.155555555556
Miro 24451 24550 0.0833333333333
Miro 24551 24650 -0.234042553191
Miro 24651 24750 0.142857142857
Miro 24751 24850 -0.0243902439024
Miro 24851 24950 -0.444444444444
Miro 24951 25050 -0.111111111111
Miro 25051 25150 -0.05
Miro 25151 25250 -0.0952380952381
Miro 25251 25350 0.151515151515
Miro 25351 25450 0.25
Miro 25451 25550 -0.135135135135
Miro 25551 25650 0.155555555556
Miro 25651 25750 -0.176470588235
Miro 25751 25850 -0.0810810810811
Miro 25851 25950 -0.0909090909091
Miro 25951 26050 -0.3
Miro 26051 26150 -0.125
Miro 26151 26250 -0.116279069767
Miro 26251 26350 -0.0232558139535
Miro 26351 26450 -0.230769230769
Miro 26451 26550 -0.148936170213
Miro 26551 26650 -0.1
Miro 26651 26750 -0.142857142857
Miro 26751 26850 -0.234042553191
Miro 26851 26950 -0.142857142857
Miro 26951 27050 0.0
Miro 27051 27150 -0.15
Miro 27151 27250 -0.136363636364
Miro 27251 27350 -0.0740740740741
Miro 27351 27450 0.0666666666667
Miro 27451 27550 -0.0588235294118
Miro 27551 27650 0.0
Miro 27651 27750 -0.166666666667
Miro 27751 27850 0.0222222222222
Miro 27851 27950 0.0869565217391
Miro 27951 28050 0.063829787234
Miro 28051 28150 -0.128205128205
Miro 28151 28250 0.266666666667
Miro 28251 28350 0.0434782608696
Miro 28351 28450 -0.15
Miro 28451 28550 -0.0555555555556
Miro 28551 28650 -0.115384615385
Miro 28651 28750 -0.217391304348
Miro 28751 28850 0.0769230769231
Miro 28851 28950 -0.0222222222222
Miro 28951 29050 -0.0869565217391
Miro 29051 29150 0.0
Miro 29151 29250 -0.106382978723
Miro 29251 29350 0.155555555556
Miro 29351 29450 0.0566037735849
Miro 29451 29550 -0.0454545454545
Miro 29551 29650 0.12
Miro 29651 29750 -0.103448275862
Miro 29751 29850 0.121951219512
Miro 29851 29950 -0.421052631579
Miro 29951 30050 0.176470588235
Miro 30051 30150 -0.05
Miro 30151 30250 0.0212765957447
Miro 30251 30350 -0.0416666666667
Miro 30351 30450 -0.209302325581
Miro 30451 30550 -0.0454545454545
Miro 30551 30650 -0.0243902439024
Miro 30651 30750 -0.142857142857
Miro 30751 30850 0.0588235294118
Miro 30851 30950 -0.0232558139535
Miro 30951 31050 -0.272727272727
Miro 31051 31150 0.0454545454545
Miro 31151 31250 -0.315789473684
Miro 31251 31350 -0.0952380952381
Miro 31351 31450 -0.116279069767
Miro 31451 31550 -0.025641025641
Miro 31551 31650 0.1
Miro 31651 31750 -0.125
Miro 31751 31850 -0.1
Miro 31851 31950 0.0
Miro 31951 32050 -0.1875
Miro 32051 32150 0.0909090909091
Miro 32151 32250 0.0
Miro 32251 32350 0.0526315789474
Miro 32351 32450 -0.0243902439024
Miro 32451 32550 0.0322580645161
Miro 32551 32650 -0.0697674418605
Miro 32651 32750 0.405405405405
Miro 32751 32850 0.136363636364
Miro 32851 32950 0.106382978723
Miro 32951 33050 -0.15
Miro 33051 33150 0.173913043478
Miro 33151 33250 -0.106382978723
Miro 33251 33350 0.0952380952381
Miro 33351 33450 -0.0869565217391
Miro 33451 33550 -0.166666666667
Miro 33551 33650 0.0
Miro 33651 33850 -0.0952380952381
Miro 33851 33950 0.179487179487
Miro 33951 34050 0.0810810810811
Miro 34051 34150 0.388888888889
Miro 34151 34250 0.277777777778
Miro 34251 34350 0.0810810810811
Miro 34351 34450 0.0
Miro 34451 34550 -0.0454545454545
Miro 34551 34650 0.2
Miro 34651 34750 0.219512195122
Miro 34751 34850 0.162790697674
Miro 34851 34950 -0.025641025641
Miro 34951 35050 -0.155555555556
Miro 35051 35150 -0.025641025641
Miro 35151 35250 0.16
Miro 35251 35350 -0.0952380952381
Miro 35351 35450 -0.135135135135
Miro 35451 35550 0.224489795918
Miro 35551 35650 0.243243243243
Miro 35651 35750 0.027027027027
Miro 35751 35850 0.0697674418605
Miro 35851 35950 0.333333333333
Miro 35951 36050 0.0731707317073
Miro 36051 36150 0.142857142857
Miro 36151 36250 0.111111111111
Miro 36251 36350 0.0
Miro 36351 36450 -0.0434782608696
Miro 36451 36550 0.0612244897959
Miro 36551 36650 0.230769230769
Miro 36651 36750 -0.047619047619
Miro 36751 36850 -0.08
Miro 36851 36950 0.05
Miro 36951 37050 -0.2
Miro 37051 37150 0.317073170732
Miro 37151 37250 0.115384615385
Miro 37251 37350 0.276595744681
Miro 37351 37450 0.063829787234
Miro 37451 37550 0.116279069767
Miro 37551 37650 0.105263157895
Miro 37651 37750 -0.0697674418605
Miro 37751 37850 -0.0416666666667
Miro 37851 37950 0.111111111111
Miro 37951 38050 0.0731707317073
Miro 38051 38150 0.294117647059
Miro 38151 38250 0.0285714285714
Miro 38251 38350 0.2
Miro 38351 38450 -0.128205128205
Miro 38451 38550 0.0434782608696
Miro 38551 38650 -0.0952380952381
Miro 38651 38750 0.128205128205
Miro 38751 38850 0.411764705882
Miro 38851 38950 0.181818181818
Miro 38951 39050 0.0434782608696
Miro 39051 39150 0.260869565217
Miro 39151 39250 0.210526315789
Miro 39251 39350 0.15
Miro 39351 39450 0.0714285714286
Miro 39451 39550 0.105263157895
Miro 39551 39650 -0.130434782609
Miro 39651 39750 0.190476190476
Miro 39751 39850 0.409090909091
Miro 39851 39950 0.0
Miro 39951 40050 0.0222222222222
Miro 40051 40150 0.106382978723
Miro 40151 40250 -0.135135135135
Miro 40251 40350 0.047619047619
Miro 40351 40450 0.166666666667
Miro 40451 40550 0.0243902439024
Miro 40551 40650 0.128205128205
Miro 40651 40750 0.05
Miro 40751 40850 0.179487179487
Miro 40851 40950 0.136363636364
Miro 40951 41050 -0.130434782609
Miro 41051 41150 0.106382978723
Miro 41151 41250 0.136363636364
Miro 41251 41350 0.173913043478
Miro 41351 41450 0.0769230769231
Miro 41451 41550 0.1
Miro 41551 41650 -0.173913043478
Miro 41651 41750 0.224489795918
Miro 41751 41850 -0.0434782608696
Miro 41851 41950 -0.102040816327
Miro 41951 42050 0.255813953488
Miro 42051 42150 0.0909090909091
Miro 42151 42250 -0.025641025641
Miro 42251 42350 0.0
Miro 42351 42450 0.0909090909091
Miro 42451 42550 0.025641025641
Miro 42551 42650 0.36170212766
Miro 42651 42750 0.0
Miro 42751 42850 -0.0454545454545
Miro 42851 42950 -0.268292682927
Miro 42951 43050 -0.0212765957447
Miro 43051 43150 -0.025641025641
Miro 43151 43250 -0.0243902439024
Miro 43251 43350 0.0
Miro 43351 43450 0.217391304348
Miro 43451 43550 0.25
Miro 43551 43650 0.181818181818
Miro 43651 43750 -0.0612244897959
Miro 43751 43850 0.190476190476
Miro 43851 43950 0.0697674418605
Miro 43951 44050 0.183673469388
Miro 44051 44150 0.272727272727
Miro 44151 44250 0.393939393939
Miro 44251 44350 0.209302325581
Miro 44351 44450 -0.103448275862
Miro 44451 44550 -0.189189189189
Miro 44551 44650 -0.0222222222222
Miro 44651 44750 0.148936170213
Miro 44751 44850 0.15
Miro 44851 44950 0.148936170213
Miro 44951 45050 0.0232558139535
Miro 45051 45150 0.111111111111
Miro 45151 45250 0.263157894737
Miro 45251 45350 -0.0526315789474
Miro 45351 45450 0.030303030303
Miro 45451 45550 0.0869565217391
Miro 45551 45650 0.0769230769231
Miro 45651 45750 0.0526315789474
Miro 45751 45850 0.411764705882
Miro 45851 45950 0.0344827586207
Miro 45951 46050 -0.0909090909091
Miro 46051 46150 0.212121212121
Miro 46151 46250 0.030303030303
Miro 46251 46350 0.166666666667
Miro 46351 46450 0.2
Miro 46451 46550 0.125
Miro 46551 46650 0.363636363636
Miro 46651 46750 -0.130434782609
Miro 46751 46850 0.189189189189
Miro 46851 46950 0.315789473684
Miro 46951 47050 0.176470588235
Miro 47051 47150 0.162790697674
Miro 47151 47250 0.0857142857143
Miro 47251 47350 0.0697674418605
Miro 47351 47450 0.111111111111
Miro 47451 47550 -0.162790697674
Miro 47551 47650 0.304347826087
Miro 47651 47750 0.454545454545
Miro 47751 47850 0.2
Miro 47851 47950 0.157894736842
Miro 47951 48050 0.111111111111
Miro 48051 48150 0.0232558139535
Miro 48151 48250 0.210526315789
Miro 48251 48350 0.025641025641
Miro 48351 48450 0.121951219512
Miro 48451 48550 -0.166666666667
Miro 48551 48650 0.189189189189
Miro 48651 48750 0.166666666667
Miro 48751 48850 0.255813953488
Miro 48851 48950 0.102040816327
Miro 48951 49050 -0.111111111111
Miro 49051 49150 0.155555555556
Miro 49151 49250 0.0322580645161
Miro 49251 49350 0.153846153846
Miro 49351 49450 0.0204081632653
Miro 49451 49550 -0.025641025641
Miro 49551 49650 -0.288888888889
Miro 49651 49750 0.0243902439024
Miro 49751 49850 -0.0454545454545
Miro 49851 49950 0.169811320755
Miro 49951 50050 0.102040816327
Miro 50051 50150 0.0697674418605
Miro 50151 50250 0.222222222222
Miro 50251 50350 -0.027027027027
Miro 50351 50450 0.0
Miro 50451 50550 0.117647058824
Miro 50551 50650 0.190476190476
Miro 50651 50750 -0.151515151515
Miro 50751 50850 -0.030303030303
Miro 50851 50950 0.0952380952381
Miro 50951 51050 0.0434782608696
Miro 51051 51150 0.176470588235
Miro 51151 51250 0.148936170213
Miro 51251 51350 0.173913043478
Miro 51351 51450 0.05
Miro 51451 51550 0.222222222222
Miro 51551 51650 0.173913043478
Miro 51651 51750 -0.063829787234
Miro 51751 51850 -0.0952380952381
Miro 51851 51950 0.0810810810811
Miro 51951 52050 0.260869565217
Miro 52051 52150 -0.1
Miro 52151 52250 -0.0285714285714
Miro 52251 52350 0.183673469388
Miro 52351 52450 0.0
Miro 52451 52550 0.142857142857
Miro 52551 52650 0.2
Miro 52651 52750 0.189189189189
Miro 52751 52850 0.05
Miro 52851 52950 0.0952380952381
Miro 52951 53050 0.28
Miro 53051 53150 0.285714285714
Miro 53151 53250 -0.0833333333333
Miro 53251 53350 0.162790697674
Miro 53351 53450 -0.0697674418605
Miro 53451 53550 0.105263157895
Miro 53551 53650 0.179487179487
Miro 53651 53750 0.243243243243
Miro 53751 53850 0.5
Miro 53851 53950 0.2
Miro 53951 54050 0.111111111111
Miro 54051 54150 -0.0697674418605
Miro 54151 54250 0.0857142857143
Miro 54251 54350 0.0434782608696
Miro 54351 54450 -0.0434782608696
Miro 54451 54550 0.157894736842
Miro 54551 54650 0.0810810810811
Miro 54651 54750 0.0625
Miro 54751 54850 -0.0243902439024
Miro 54851 54950 0.0909090909091
Miro 54951 55050 -0.08
Miro 55051 55150 0.0416666666667
Miro 55151 55250 0.409090909091
Miro 55251 55350 -0.179487179487
Miro 55351 55450 0.148936170213
Miro 55451 55550 0.317073170732
Miro 55551 55650 0.0232558139535
Miro 55651 55750 0.1
Miro 55751 55850 0.130434782609
Miro 55851 55950 0.0731707317073
Miro 55951 56050 0.260869565217
Miro 56051 56150 0.0232558139535
Miro 56151 56250 0.0810810810811
Miro 56251 56350 -0.136363636364
Miro 56351 56450 -0.0810810810811
Miro 56451 56550 0.116279069767
Miro 56551 56650 0.0454545454545
Miro 56651 56750 -0.243243243243
Miro 56751 56850 0.238095238095
Miro 56851 56950 0.166666666667
Miro 56951 57050 -0.0222222222222
Miro 57051 57150 0.0
Miro 57151 57250 0.245283018868
Miro 57251 57350 0.157894736842
Miro 57351 57450 0.15
Miro 57451 57550 -0.0625
Miro 57551 57650 0.235294117647
Miro 57651 57750 0.166666666667
Miro 57751 57850 0.333333333333
Miro 57851 57950 0.142857142857
Miro 57951 58050 0.3
Miro 58051 58150 -0.027027027027
Miro 58151 58250 0.0454545454545
Miro 58251 58350 -0.0243902439024
Miro 58351 58450 0.0731707317073
Miro 58451 58550 0.0833333333333
Miro 58551 58650 -0.297297297297
Miro 58651 58750 -0.0909090909091
Miro 58751 58850 0.0731707317073
Miro 58851 58950 0.135135135135
Miro 58951 59050 0.0232558139535
Miro 59051 59150 -0.263157894737
Miro 59151 59250 0.063829787234
Miro 59251 59350 0.136363636364
Miro 59351 59450 0.2
Miro 59451 59550 0.0
Miro 59551 59650 -0.142857142857
Miro 59651 59750 -0.0909090909091
Miro 59751 59850 0.047619047619
Miro 59851 59950 -0.0243902439024
Miro 59951 60050 -0.0731707317073
Miro 60051 60150 0.025641025641
Miro 60151 60250 0.136363636364
Miro 60251 60350 -0.230769230769
Miro 60351 60450 0.0243902439024
Miro 60451 60550 -0.0222222222222
Miro 60551 60650 -0.142857142857
Miro 60651 60750 -0.0555555555556
Miro 60751 60850 0.0909090909091
Miro 60851 60950 0.0454545454545
Miro 60951 61050 0.157894736842
Miro 61051 61150 0.219512195122
Miro 61151 61250 0.0
Miro 61251 61350 0.25
Miro 61351 61450 -0.235294117647
Miro 61451 61550 0.243243243243
Miro 61551 61650 0.217391304348
Miro 61651 61750 0.170731707317
Miro 61751 61850 0.15
Miro 61851 61950 -0.153846153846
Miro 61951 62050 -0.157894736842
Miro 62051 62150 -0.105263157895
Miro 62151 62250 -0.111111111111
Miro 62251 62350 -0.025641025641
Miro 62351 62450 0.0
Miro 62451 62550 0.234042553191
Miro 62551 62650 0.0952380952381
Miro 62651 62750 0.179487179487
Miro 62751 62850 0.0869565217391
Miro 62851 62950 -0.047619047619
Miro 62951 63050 -0.0769230769231
Miro 63051 63150 0.266666666667
Miro 63151 63250 -0.0869565217391
Miro 63251 63350 0.0555555555556
Miro 63351 63450 0.0
Miro 63451 63550 0.25
Miro 63551 63650 -0.04
Miro 63651 63750 0.0
Miro 63751 63950 0.317073170732
Miro 63951 64050 0.0232558139535
Miro 64051 64150 0.05
Miro 64151 64250 0.190476190476
Miro 64251 64350 0.3
Miro 64351 64450 0.0
Miro 64451 64550 0.235294117647
Miro 64551 64650 0.15
Miro 64651 64750 0.0952380952381
Miro 64751 64850 0.0810810810811
Miro 64851 64950 -0.0588235294118
Miro 64951 65050 0.0731707317073
Miro 65051 65150 0.255813953488
Miro 65151 65250 0.102040816327
Miro 65251 65350 0.128205128205
Miro 65351 65450 0.208333333333
Miro 65451 65550 0.105263157895
Miro 65551 65650 -0.0857142857143
Miro 65651 65750 -0.181818181818
Miro 65751 65850 0.0
Miro 65851 65950 -0.05
Miro 65951 66050 -0.0769230769231
Miro 66051 66150 -0.347826086957
Miro 66151 66250 0.0
Miro 66251 66350 -0.117647058824
Miro 66351 66450 -0.0857142857143
Miro 66451 66550 -0.030303030303
Miro 66551 66650 0.257142857143
Miro 66651 66750 0.142857142857
Miro 66751 66850 -0.136363636364
Miro 66851 66950 -0.260869565217
Miro 66951 67050 -0.333333333333
Miro 67051 67150 -0.302325581395
Miro 67151 67250 -0.276595744681
Miro 67251 67350 -0.209302325581
Miro 67351 67450 -0.190476190476
Miro 67451 67550 -0.272727272727
Miro 67551 67650 -0.238095238095
Miro 67651 67750 -0.277777777778
Miro 67751 67850 -0.05
Miro 67851 67950 -0.047619047619
Miro 67951 68050 -0.318181818182
Miro 68051 68150 -0.0857142857143
Miro 68151 68250 -0.0204081632653
Miro 68251 68350 -0.117647058824
Miro 68351 68450 -0.238095238095
Miro 68451 68550 -0.183673469388
Miro 68551 68650 -0.0909090909091
Miro 68651 68750 -0.04
Miro 68751 68850 -0.0222222222222
Miro 68851 68950 -0.307692307692
Miro 68951 69050 -0.148936170213
Miro 69051 69150 0.0697674418605
Miro 69151 69250 -0.170731707317
Miro 69251 69350 0.0454545454545
Miro 69351 69450 0.0204081632653
Miro 69451 69650 -0.155555555556
Miro 69651 69750 -0.0731707317073
Miro 69751 69850 -0.08
Miro 69851 69950 -0.234042553191
Miro 69951 70050 0.0
Miro 70051 70150 -0.0731707317073
Miro 70151 70250 -0.0232558139535
Miro 70251 70350 -0.037037037037
Miro 70351 70450 -0.0222222222222
Miro 70451 70550 0.0
Miro 70551 70650 0.375
Miro 70651 70750 -0.371428571429
Miro 70751 70850 0.0
Miro 70851 70950 0.047619047619
Miro 70951 71050 0.05
Miro 71051 71150 -0.285714285714
Miro 71151 71250 -0.116279069767
Miro 71251 71350 -0.245283018868
Miro 71351 71450 0.047619047619
Miro 71451 71550 -0.371428571429
Miro 71551 71650 -0.282051282051
Miro 71651 71750 0.0
Miro 71751 71850 -0.428571428571
Miro 71851 71950 -0.35
Miro 71951 72050 -0.0454545454545
Miro 72051 72150 -0.2
Miro 72151 72250 -0.0731707317073
Miro 72251 72350 -0.105263157895
Miro 72351 72450 0.0232558139535
Miro 72451 72550 -0.348837209302
Miro 72551 72650 -0.191489361702
Miro 72651 72750 0.0588235294118
Miro 72751 72850 -0.0526315789474
Miro 72851 72950 0.0909090909091
Miro 72951 73050 -0.148936170213
Miro 73051 73150 -0.121951219512
Miro 73151 73250 -0.333333333333
Miro 73251 73350 -0.3
Miro 73351 73450 -0.2
Miro 73451 73550 -0.285714285714
Miro 73551 73650 -0.0243902439024
Miro 73651 73750 -0.15
Miro 73751 73850 -0.333333333333
Miro 73851 73950 -0.0731707317073
Miro 73951 74050 -0.169811320755
Miro 74051 74150 -0.121951219512
Miro 74151 74250 -0.0909090909091
Miro 74251 74350 -0.276595744681
Miro 74351 74450 0.106382978723
Miro 74451 74550 -0.209302325581
Miro 74551 74650 0.181818181818
Miro 74651 74750 -0.1
Miro 74751 74850 -0.219512195122
Miro 74851 74950 -0.365853658537
Miro 74951 75050 0.08
Miro 75051 75150 -0.368421052632
Miro 75151 75250 -0.302325581395
Miro 75251 75350 -0.25
Miro 75351 75450 -0.0243902439024
Miro 75451 75550 -0.0232558139535
Miro 75551 75650 -0.257142857143
Miro 75651 75750 -0.209302325581
Miro 75751 75850 -0.297297297297
Miro 75851 75950 -0.282051282051
Miro 75951 76050 -0.0967741935484
Miro 76051 76150 -0.380952380952
Miro 76151 76250 0.170731707317
Miro 76251 76350 -0.0697674418605
Miro 76351 76450 -0.176470588235
Miro 76451 76550 0.030303030303
Miro 76551 76650 -0.148936170213
Miro 76651 76750 0.0869565217391
Miro 76751 76850 -0.15
Miro 76851 76950 -0.142857142857
Miro 76951 77050 -0.0454545454545
Miro 77051 77150 -0.047619047619
Miro 77151 77250 -0.111111111111
Miro 77251 77350 -0.142857142857
Miro 77351 77450 0.0731707317073
Miro 77451 77550 0.0869565217391
Miro 77551 77650 -0.117647058824
Miro 77651 77750 -0.172413793103
Miro 77751 77850 -0.2
Miro 77851 77950 0.176470588235
Miro 77951 78050 -0.0877192982456
Miro 78051 78150 -0.0243902439024
Miro 78151 78250 -0.0454545454545
Miro 78251 78350 0.0731707317073
Miro 78351 78450 -0.0212765957447
Miro 78451 78550 0.106382978723
Miro 78551 78650 0.0
Miro 78651 78750 0.128205128205
Miro 78751 78850 -0.111111111111
Miro 78851 78950 -0.0952380952381
Miro 78951 79050 -0.0526315789474
Miro 79051 79150 0.05
Miro 79151 79250 -0.0952380952381
Miro 79251 79350 0.288888888889
Miro 79351 79450 0.063829787234
Miro 79451 79550 -0.272727272727
Miro 79551 79650 -0.315789473684
Miro 79651 79750 -0.1
Miro 79751 79850 -0.0952380952381
Miro 79851 79950 0.0555555555556
Miro 79951 80050 0.027027027027
Miro 80051 80150 -0.31914893617
Miro 80151 80250 -0.238095238095
Miro 80251 80350 -0.260869565217
Miro 80351 80450 0.0
Miro 80451 80550 -0.0612244897959
Miro 80551 80650 -0.142857142857
Miro 80651 80750 -0.05
Miro 80751 80850 -0.121951219512
Miro 80851 80950 -0.28
Miro 80951 81050 -0.133333333333
Miro 81051 81150 -0.222222222222
Miro 81151 81250 -0.0833333333333
Miro 81251 81350 -0.0952380952381
Miro 81351 81450 -0.0740740740741
Miro 81451 81550 -0.0243902439024
Miro 81551 81650 -0.0833333333333
Miro 81651 81750 -0.243243243243
Miro 81751 81850 -0.208333333333
Miro 81851 81950 -0.5
Miro 81951 82050 -0.318181818182
Miro 82051 82150 -0.121951219512
Miro 82151 82250 -0.317073170732
Miro 82251 82350 -0.173913043478
Miro 82351 82450 -0.0555555555556
Miro 82451 82550 -0.234042553191
Miro 82551 82650 -0.0454545454545
Miro 82651 82750 -0.162790697674
Miro 82751 82850 -0.0434782608696
Miro 82851 82950 -0.05
Miro 82951 83050 -0.191489361702
Miro 83051 83150 0.0
Miro 83151 83250 -0.155555555556
Miro 83251 83350 -0.0588235294118
Miro 83351 83450 0.161290322581
Miro 83451 83550 -0.027027027027
Miro 83551 83650 -0.047619047619
Miro 83651 83750 -0.181818181818
Miro 83751 83850 -0.063829787234
Miro 83851 83950 -0.227272727273
Miro 83951 84050 -0.179487179487
Miro 84051 84150 0.219512195122
Miro 84151 84250 -0.0731707317073
Miro 84251 84350 -0.0322580645161
Miro 84351 84450 0.0243902439024
Miro 84451 84550 0.0
Miro 84551 84650 -0.0666666666667
Miro 84651 84750 -0.318181818182
Miro 84751 84850 -0.0909090909091
Miro 84851 84950 -0.125
Miro 84951 85050 -0.142857142857
Miro 85051 85150 -0.130434782609
Miro 85151 85250 -0.0454545454545
Miro 85251 85350 0.0
Miro 85351 85450 -0.148936170213
Miro 85451 85550 0.0697674418605
Miro 85551 85650 -0.142857142857
Miro 85651 85750 -0.0204081632653
Miro 85751 85850 -0.173913043478
Miro 85851 85950 -0.0243902439024
Miro 85951 86050 -0.244444444444
Miro 86051 86150 -0.0769230769231
Miro 86151 86250 0.162790697674
Miro 86251 86350 0.0
Miro 86351 86450 0.225806451613
Miro 86451 86550 -0.0555555555556
Miro 86551 86650 -0.314285714286
Miro 86651 86750 -0.2
Miro 86751 86850 0.0
Miro 86851 86950 -0.230769230769
Miro 86951 87050 -0.030303030303
Miro 87051 87150 -0.0697674418605
Miro 87151 87250 0.0232558139535
Miro 87251 87350 -0.116279069767
Miro 87351 87450 -0.243243243243
Miro 87451 87550 -0.0232558139535
Miro 87551 87650 -0.125
Miro 87651 87850 0.0
Miro 87851 87950 0.0588235294118
Miro 87951 88050 -0.179487179487
Miro 88051 88150 0.0
Miro 88151 88250 -0.181818181818
Miro 88251 88350 -0.352941176471
Miro 88351 88450 0.210526315789
Miro 88451 88550 -0.230769230769
Miro 88551 88650 -0.0697674418605
Miro 88651 88750 0.0
Miro 88751 88850 -0.125
Miro 88851 88950 -0.173913043478
Miro 88951 89050 0.0
Miro 89051 89150 -0.3
Miro 89151 89250 0.0
Miro 89251 89350 -0.257142857143
Miro 89351 89450 -0.0697674418605
Miro 89451 89550 -0.027027027027
Miro 89551 89650 -0.128205128205
Miro 89651 89750 -0.276595744681
Miro 89751 89850 0.0967741935484
Miro 89851 89950 -0.2
Miro 89951 90050 -0.181818181818
Miro 90051 90150 -0.3
Miro 90151 90250 0.0526315789474
Miro 90251 90350 -0.238095238095
Miro 90351 90450 -0.16
Miro 90451 90550 -0.155555555556
Miro 90551 90650 -0.0232558139535
Miro 90651 90750 0.0285714285714
Miro 90751 90850 -0.179487179487
Miro 90851 90950 0.0697674418605
Miro 90951 91050 -0.142857142857
Miro 91051 91150 -0.238095238095
Miro 91151 91250 -0.04
Miro 91251 91350 -0.08
Miro 91351 91450 -0.130434782609
Miro 91451 91550 -0.0204081632653
Miro 91551 91650 -0.127272727273
Miro 91651 91750 0.0
Miro 91751 91850 0.191489361702
Miro 91851 91950 0.111111111111
Miro 91951 92050 -0.314285714286
Miro 92051 92150 0.0857142857143
Miro 92151 92250 -0.105263157895
Miro 92251 92350 0.243243243243
Miro 92351 92450 -0.166666666667
Miro 92451 92550 0.0
Miro 92551 92650 0.142857142857
Miro 92651 92750 0.212121212121
Miro 92751 92850 0.0555555555556
Miro 92851 92950 0.0243902439024
Miro 92951 93050 -0.16
Miro 93051 93150 -0.2
Miro 93151 93250 -0.375
Miro 93251 93350 -0.294117647059
Miro 93351 93450 0.102040816327
Miro 93451 93550 0.0434782608696
Miro 93551 93650 0.0952380952381
Miro 93651 93750 -0.170731707317
Miro 93751 93850 0.128205128205
Miro 93851 93950 -0.291666666667
Miro 93951 94050 -0.238095238095
Miro 94051 94150 -0.166666666667
Miro 94151 94250 0.135135135135
Miro 94251 94350 -0.191489361702
Miro 94351 94450 -0.0769230769231
Miro 94451 94550 0.111111111111
Miro 94551 94650 -0.2
Miro 94651 94750 -0.0833333333333
Miro 94751 94850 0.0769230769231
Miro 94851 94950 -0.254901960784
Miro 94951 95050 -0.128205128205
Miro 95051 95150 -0.238095238095
Miro 95151 95250 0.15
Miro 95251 95350 -0.209302325581
Miro 95351 95450 -0.176470588235
Miro 95451 95550 -0.260869565217
Miro 95551 95650 -0.0232558139535
Miro 95651 95750 0.136363636364
Miro 95751 95850 -0.189189189189
Miro 95851 95950 -0.0625
Miro 95951 96050 -0.136363636364
Miro 96051 96150 -0.268292682927
Miro 96151 96250 -0.0434782608696
Miro 96251 96350 -0.2
Miro 96351 96450 0.0
Miro 96451 96550 -0.0232558139535
Miro 96551 96650 0.0
Miro 96651 96950 -0.111111111111
Miro 96951 97050 -0.0952380952381
Miro 97051 97150 -0.227272727273
Miro 97151 97250 -0.04
Miro 97251 97350 -0.272727272727
Miro 97351 97550 -0.34693877551
Miro 97551 97650 -0.170731707317
Miro 97651 97750 -0.135135135135
Miro 97751 97850 -0.0612244897959
Miro 97851 97950 -0.142857142857
Miro 97951 98050 -0.0731707317073
Miro 98051 98150 0.0434782608696
Miro 98151 98250 0.170731707317
Miro 98251 98350 0.0
Miro 98351 98450 0.0243902439024
Miro 98451 98550 -0.111111111111
Miro 98551 98650 -0.2
Miro 98651 98750 -0.302325581395
Miro 98751 98850 0.04
Miro 98851 98950 -0.0731707317073
Miro 98951 99050 0.0
Miro 99051 99150 -0.121951219512
Miro 99151 99250 -0.263157894737
Miro 99251 99350 0.255813953488
Miro 99351 99450 -0.0204081632653
Miro 99451 99550 -0.176470588235
Miro 99551 99650 -0.190476190476
Miro 99651 99750 -0.0212765957447
Miro 99751 99850 -0.142857142857
Miro 99851 99950 0.0697674418605
Miro 99951 100050 -0.379310344828
Miro 100051 100150 -0.227272727273
Miro 100151 100250 -0.297297297297
Miro 100251 100350 0.0212765957447
Miro 100351 100450 0.105263157895
Miro 100451 100550 -0.179487179487
Miro 100551 100650 -0.1
Miro 100651 100750 -0.0697674418605
Miro 100751 100850 -0.222222222222
Miro 100851 100950 -0.173913043478
Miro 100951 101050 -0.317073170732
Miro 101051 101150 0.116279069767
Miro 101151 101250 -0.0909090909091
Miro 101251 101350 -0.0243902439024
Miro 101351 101450 -0.0857142857143
Miro 101451 101550 -0.234042553191
Miro 101551 101650 0.0714285714286
Miro 101651 101750 -0.0243902439024
Miro 101751 101850 -0.0625
Miro 101851 101950 -0.135135135135
Miro 101951 102050 0.0
Miro 102051 102150 -0.2
Miro 102151 102250 -0.151515151515
Miro 102251 102350 -0.0810810810811
Miro 102351 102450 -0.333333333333
Miro 102451 102550 -0.257142857143
Miro 102551 102650 -0.162790697674
Miro 102651 102750 -0.0769230769231
Miro 102751 102850 -0.380952380952
Miro 102851 102950 0.0243902439024
Miro 102951 103050 0.288888888889
Miro 103051 103150 -0.0588235294118
Miro 103151 103250 -0.2
Miro 103251 103350 -0.266666666667
Miro 103351 103450 -0.121951219512
Miro 103451 103550 -0.179487179487
Miro 103551 103650 0.238095238095
Miro 103651 103750 0.15
Miro 103751 103850 0.0
Miro 103851 103950 0.0697674418605
Miro 103951 104050 0.272727272727
Miro 104051 104150 0.0952380952381
Miro 104151 104250 0.2
Miro 104251 104350 0.243243243243
Miro 104351 104450 -0.0588235294118
Miro 104451 104550 0.272727272727
Miro 104551 104650 0.636363636364
Miro 104651 104750 0.222222222222
Miro 104751 104850 -0.063829787234
Miro 104851 104950 0.0952380952381
Miro 104951 105050 -0.0833333333333
Miro 105051 105150 -0.0731707317073
Miro 105151 105250 0.0454545454545
Miro 105251 105350 -0.047619047619
Miro 105351 105550 -0.0697674418605
Miro 105551 105650 -0.414634146341
Miro 105651 105750 -0.027027027027
Miro 105751 105850 0.1
Miro 105851 105950 -0.1
Miro 105951 106050 -0.260869565217
Miro 106051 106150 -0.157894736842
Miro 106151 106250 -0.0588235294118
Miro 106251 106350 -0.2
Miro 106351 106450 0.208333333333
Miro 106451 106550 -0.05
Miro 106551 106650 0.0857142857143
Miro 106651 106750 0.219512195122
Miro 106751 106850 -0.0204081632653
Miro 106851 106950 0.142857142857
Miro 106951 107050 0.0666666666667
Miro 107051 107150 0.1
Miro 107151 107250 0.0769230769231
Miro 107251 107350 0.0416666666667
Miro 107351 107450 0.170731707317
Miro 107451 107550 0.12
Miro 107551 107650 -0.0454545454545
Miro 107651 107750 -0.0188679245283
Miro 107751 107850 0.0434782608696
Miro 107851 107950 -0.0434782608696
Miro 107951 108050 0.288888888889
Miro 108051 108150 0.227272727273
Miro 108151 108250 0.128205128205
Miro 108251 108350 0.121951219512
Miro 108351 108450 0.05
Miro 108451 108550 0.157894736842
Miro 108551 108650 0.155555555556
Miro 108651 108750 -0.111111111111
Miro 108751 108850 0.0243902439024
Miro 108851 108950 0.0833333333333
Miro 108951 109050 0.121951219512
Miro 109051 109150 -0.166666666667
Miro 109151 109250 0.047619047619
Miro 109251 109350 0.404255319149
Miro 109351 109450 0.191489361702
Miro 109451 109550 0.0810810810811
Miro 109551 109650 -0.1
Miro 109651 109750 0.191489361702
Miro 109751 109850 -0.12
Miro 109851 109950 0.157894736842
Miro 109951 110050 0.027027027027
Miro 110051 110150 0.0943396226415
Miro 110151 110250 0.210526315789
Miro 110251 110350 0.0810810810811
Miro 110351 110450 0.0588235294118
Miro 110451 110550 0.1875
Miro 110551 110650 -0.027027027027
Miro 110651 110750 0.111111111111
Miro 110751 110950 -0.185185185185
Miro 110951 111050 0.0810810810811
Miro 111051 111150 0.0
Miro 111151 111250 0.116279069767
Miro 111251 111350 0.31914893617
Miro 111351 111450 -0.0952380952381
Miro 111451 111550 0.12
Miro 111551 111650 0.0243902439024
Miro 111651 111750 -0.15
Miro 111751 111850 0.15
Miro 111851 111950 -0.0857142857143
Miro 111951 112050 -0.0731707317073
Miro 112051 112150 0.128205128205
Miro 112151 112250 0.142857142857
Miro 112251 112350 -0.0232558139535
Miro 112351 112450 -0.142857142857
Miro 112451 112550 -0.0909090909091
Miro 112551 112650 0.179487179487
Miro 112651 112750 0.272727272727
Miro 112751 112850 0.0731707317073
Miro 112851 112950 -0.121951219512
Miro 112951 113050 0.128205128205
Miro 113051 113150 -0.105263157895
Miro 113151 113250 0.1
Miro 113251 113350 -0.0666666666667
Miro 113351 113450 0.190476190476
Miro 113451 113550 0.21568627451
Miro 113551 113650 0.0555555555556
Miro 113651 113750 0.162790697674
Miro 113751 113850 0.210526315789
Miro 113851 113950 -0.0243902439024
Miro 113951 114050 0.0
Miro 114051 114150 0.0222222222222
Miro 114151 114250 0.0833333333333
Miro 114251 114350 0.176470588235
Miro 114351 114450 0.0
Miro 114451 114550 -0.116279069767
Miro 114551 114650 0.0
Miro 114651 114750 0.15
Miro 114751 114850 0.0769230769231
Miro 114851 114950 -0.0243902439024
Miro 114951 115050 0.157894736842
Miro 115051 115150 0.121951219512
Miro 115151 115250 0.0731707317073
Miro 115251 115350 0.0
Miro 115351 115450 -0.0357142857143
Miro 115451 115550 0.0
Miro 115551 115650 0.0952380952381
Miro 115651 115750 -0.0731707317073
Miro 115751 115850 0.0
Miro 115851 115950 0.111111111111
Miro 115951 116050 0.15
Miro 116051 116150 0.0
Miro 116151 116350 0.173913043478
Miro 116351 116450 0.0
Miro 116451 116550 -0.0232558139535
Miro 116551 116650 0.0810810810811
Miro 116651 116750 -0.0232558139535
Miro 116751 116850 0.111111111111
Miro 116851 116950 -0.130434782609
Miro 116951 117050 0.2
Miro 117051 117150 0.027027027027
Miro 117151 117250 0.0833333333333
Miro 117251 117350 0.105263157895
Miro 117351 117450 0.277777777778
Miro 117451 117550 0.257142857143
Miro 117551 117650 0.08
Miro 117651 117750 -0.0212765957447
Miro 117751 117850 0.125
Miro 117851 117950 0.121951219512
Miro 117951 118050 0.0
Miro 118051 118150 0.0697674418605
Miro 118151 118250 -0.0454545454545
Miro 118251 118350 0.28
Miro 118351 118450 -0.0697674418605
Miro 118451 118550 0.4
Miro 118551 118650 0.0697674418605
Miro 118651 118750 0.5
Miro 118751 118850 0.0
Miro 118851 118950 -0.0434782608696
Miro 118951 119050 0.162790697674
Miro 119051 119150 0.15
Miro 119151 119250 0.255813953488
Miro 119251 119350 -0.142857142857
Miro 119351 119450 0.0612244897959
Miro 119451 119550 -0.0454545454545
Miro 119551 119650 0.0434782608696
Miro 119651 119750 0.05
Miro 119751 119850 0.0731707317073
Miro 119851 119950 0.209302325581
Miro 119951 120050 -0.166666666667
Miro 120051 120150 0.0869565217391
Miro 120151 120250 0.0
Miro 120251 120350 -0.0731707317073
Miro 120351 120450 0.0212765957447
Miro 120451 120550 -0.0588235294118
Miro 120551 120650 0.0454545454545
Miro 120651 120750 -0.063829787234
Miro 120751 120850 0.0243902439024
Miro 120851 120950 0.128205128205
Miro 120951 121050 0.135135135135
Miro 121051 121150 0.283018867925
Miro 121151 121250 0.0909090909091
Miro 121251 121350 0.130434782609
Miro 121351 121450 -0.121951219512
Miro 121451 121550 0.0454545454545
Miro 121551 121650 -0.0810810810811
Miro 121651 121750 0.0526315789474
Miro 121751 121850 -0.105263157895
Miro 121851 121950 0.05
Miro 121951 122050 0.111111111111
Miro 122051 122150 0.0697674418605
Miro 122151 122250 0.0
Miro 122251 122350 -0.0666666666667
Miro 122351 122450 0.409090909091
Miro 122451 122550 0.16
Miro 122551 122650 0.0434782608696
Miro 122651 122750 0.0
Miro 122751 122850 0.136363636364
Miro 122851 122950 -0.191489361702
Miro 122951 123050 0.0909090909091
Miro 123051 123150 -0.111111111111
Miro 123151 123250 -0.063829787234
Miro 123251 123350 0.0285714285714
Miro 123351 123450 -0.1
Miro 123451 123550 0.269230769231
Miro 123551 123650 0.0
Miro 123651 123750 0.219512195122
Miro 123751 123850 0.0
Miro 123851 123950 0.183673469388
Miro 123951 124050 0.265306122449
Miro 124051 124150 0.2
Miro 124151 124250 0.0
Miro 124251 124350 0.0810810810811
Miro 124351 124450 0.157894736842
Miro 124451 124550 0.0243902439024
Miro 124551 124650 -0.121951219512
Miro 124651 124750 0.063829787234
Miro 124751 124850 0.219512195122
Miro 124851 124950 -0.105263157895
Miro 124951 125050 0.230769230769
Miro 125051 125150 -0.105263157895
Miro 125151 125250 -0.05
Miro 125251 125350 0.0222222222222
Miro 125351 125450 -0.3125
Miro 125451 125550 -0.0454545454545
Miro 125551 125650 0.0243902439024
Miro 125651 125750 0.0454545454545
Miro 125751 125850 0.2
Miro 125851 125950 -0.0434782608696
Miro 125951 126050 -0.0769230769231
Miro 126051 126150 -0.142857142857
Miro 126151 126250 0.272727272727
Miro 126251 126350 0.027027027027
Miro 126351 126450 0.333333333333
Miro 126451 126550 0.0232558139535
Miro 126551 126650 0.1
Miro 126651 126750 0.0857142857143
Miro 126751 126850 0.128205128205
Miro 126851 126950 0.0222222222222
Miro 126951 127050 0.0869565217391
Miro 127051 127150 0.0
Miro 127151 127250 0.025641025641
Miro 127251 127350 0.217391304348
Miro 127351 127450 0.314285714286
Miro 127451 127550 0.0232558139535
Miro 127551 127650 -0.1
Miro 127651 127750 0.421052631579
Miro 127751 127850 -0.125
Miro 127851 127950 0.217391304348
Miro 127951 128050 0.260869565217
Miro 128051 128150 -0.0285714285714
Miro 128151 128250 0.0454545454545
Miro 128251 128350 -0.0232558139535
Miro 128351 128450 -0.155555555556
Miro 128451 128550 0.157894736842
Miro 128551 128650 0.0434782608696
Miro 128651 128750 -0.148936170213
Miro 128751 128850 0.0
Miro 128851 128950 -0.0454545454545
Miro 128951 129050 0.121951219512
Miro 129051 129150 0.0714285714286
Miro 129151 129250 0.153846153846
Miro 129251 129350 -0.106382978723
Miro 129351 129450 -0.0454545454545
Miro 129451 129550 0.0869565217391
Miro 129551 129650 -0.127272727273
Miro 129651 129750 0.106382978723
Miro 129751 129850 -0.025641025641
Miro 129851 129950 0.0612244897959
Miro 129951 130050 -0.302325581395
Miro 130051 130150 0.25
Miro 130151 130250 -0.0232558139535
Miro 130251 130350 0.0
Miro 130351 130450 0.0869565217391
Miro 130451 130550 -0.260869565217
Miro 130551 130650 0.318181818182
Miro 130651 130750 0.125
Miro 130751 130850 0.0666666666667
Miro 130851 130950 -0.190476190476
Miro 130951 131050 0.3125
Miro 131051 131150 0.0810810810811
Miro 131151 131250 -0.0697674418605
Miro 131251 131350 -0.0434782608696
Miro 131351 131450 -0.047619047619
Miro 131451 131550 0.0
Miro 131551 131650 0.155555555556
Miro 131651 131750 0.111111111111
Miro 131751 131850 0.0833333333333
Miro 131851 131950 0.0232558139535
Miro 131951 132050 0.125
Miro 132051 132150 0.2
Miro 132151 132250 0.282051282051
Miro 132251 132350 0.0526315789474
Miro 132351 132450 0.191489361702
Miro 132451 132550 0.173913043478
Miro 132551 132650 0.142857142857
Miro 132651 132750 0.2
Miro 132751 132850 -0.192307692308
Miro 132851 132950 0.0
Miro 132951 133050 0.333333333333
Miro 133051 133150 -0.0285714285714
Miro 133151 133250 0.0612244897959
Miro 133251 133350 0.368421052632
Miro 133351 133450 0.245283018868
Miro 133451 133550 0.142857142857
Miro 133551 133650 -0.025641025641
Miro 133651 133750 -0.0232558139535
Miro 133751 133850 -0.0384615384615
Miro 133851 133950 -0.0243902439024
Miro 133951 134050 0.191489361702
Miro 134051 134150 0.189189189189
Miro 134151 134250 0.047619047619
Miro 134251 134350 0.0232558139535
Miro 134351 134450 0.125
Miro 134451 134550 0.0434782608696
Miro 134551 134650 0.0588235294118
Miro 134651 134750 -0.0566037735849
Miro 134751 134850 -0.0714285714286
Miro 134851 134950 -0.016393442623
Miro 134951 135050 0.0196078431373
Miro 135051 135150 0.0416666666667
Miro 135151 135250 0.0188679245283
Miro 135251 135350 -0.063829787234
Miro 135351 135450 0.169811320755
Miro 135451 135550 -0.0416666666667
Miro 135551 135650 -0.0588235294118
Miro 135651 135750 0.291666666667
Miro 135751 135850 -0.0188679245283
Miro 135851 135950 -0.234042553191
Miro 135951 136050 0.142857142857
Miro 136051 136150 -0.2
Miro 136151 136250 0.0588235294118
Miro 136251 136350 0.435897435897
Miro 136351 136450 0.105263157895
Miro 136451 136550 0.0731707317073
Miro 136551 136650 0.08
Miro 136651 136750 -0.0666666666667
Miro 136751 136850 -0.0434782608696
Miro 136851 136950 -0.191489361702
Miro 136951 137050 0.0
Miro 137051 137150 0.0204081632653
Miro 137151 137250 0.0454545454545
Miro 137251 137350 -0.0243902439024
Miro 137351 137450 0.05
Miro 137451 137550 0.0232558139535
Miro 137551 137650 0.166666666667
Miro 137651 137750 -0.162790697674
Miro 137751 137850 0.130434782609
Miro 137851 137950 -0.0697674418605
Miro 137951 138050 0.128205128205
Miro 138051 138150 0.238095238095
Miro 138151 138250 0.2
Miro 138251 138350 0.545454545455
Miro 138351 138450 0.0952380952381
Miro 138451 138550 0.0769230769231
Miro 138551 138650 0.190476190476
Miro 138651 138750 0.135135135135
Miro 138751 138850 0.272727272727
Miro 138851 138950 0.2
Miro 138951 139050 0.3
Miro 139051 139150 0.106382978723
Miro 139151 139250 -0.136363636364
Miro 139251 139350 -0.190476190476
Miro 139351 139550 0.0322580645161
Miro 139551 139650 -0.0731707317073
Miro 139651 139750 0.0731707317073
Miro 139751 139850 -0.377777777778
Miro 139851 139950 -0.3
Miro 139951 140050 -0.190476190476
Miro 140051 140150 0.025641025641
Miro 140151 140250 0.0
Miro 140251 140350 -0.155555555556
Miro 140351 140450 0.0666666666667
Miro 140451 140550 0.0222222222222
Miro 140551 140650 -0.0454545454545
Miro 140651 140750 0.0697674418605
Miro 140751 140850 -0.0869565217391
Miro 140851 140950 0.0243902439024
Miro 140951 141050 0.357142857143
Miro 141051 141150 -0.116279069767
Miro 141151 141250 -0.0833333333333
Miro 141251 141350 0.0952380952381
Miro 141351 141450 0.102040816327
Miro 141451 141550 -0.0909090909091
Miro 141551 141650 0.170731707317
Miro 141651 141750 0.238095238095
Miro 141751 141850 -0.0243902439024
Miro 141851 141950 0.155555555556
Miro 141951 142050 0.268292682927
Miro 142051 142150 0.222222222222
Miro 142151 142250 0.116279069767
Miro 142251 142350 0.1
Miro 142351 142450 0.0243902439024
Miro 142451 142550 -0.0810810810811
Miro 142551 142650 0.148936170213
Miro 142651 142750 -0.0588235294118
Miro 142751 142850 0.0869565217391
Miro 142851 142950 -0.0666666666667
Miro 142951 143050 0.0
Miro 143051 143150 0.297297297297
Miro 143151 143250 0.230769230769
Miro 143251 143350 0.0243902439024
Miro 143351 143450 0.454545454545
Miro 143451 143550 -0.230769230769
Miro 143551 143650 0.190476190476
Miro 143651 143750 -0.12
Miro 143751 143850 0.0909090909091
Miro 143851 143950 -0.170731707317
Miro 143951 144050 0.0232558139535
Miro 144051 144150 -0.315789473684
Miro 144151 144250 -0.170731707317
Miro 144251 144350 0.0526315789474
Miro 144351 144450 -0.142857142857
Miro 144451 144550 -0.368421052632
Miro 144551 144650 -0.210526315789
Miro 144651 144750 -0.282051282051
Miro 144751 144850 -0.0212765957447
Miro 144851 144950 -0.15
Miro 144951 145050 -0.0212765957447
Miro 145051 145150 0.317073170732
Miro 145151 145250 -0.0454545454545
Miro 145251 145350 -0.217391304348
Miro 145351 145450 0.0526315789474
Miro 145451 145550 0.282051282051
Miro 145551 145650 -0.12
Miro 145651 145750 -0.176470588235
Miro 145751 145850 0.0952380952381
Miro 145851 145950 0.0555555555556
Miro 145951 146050 0.0666666666667
Miro 146051 146150 0.0243902439024
Miro 146151 146250 0.117647058824
Miro 146251 146350 0.136363636364
Miro 146351 146450 0.314285714286
Miro 146451 146550 0.0731707317073
Miro 146551 146650 0.276595744681
Miro 146651 146750 0.30612244898
Miro 146751 146850 0.3
Miro 146851 146950 0.243243243243
Miro 146951 147050 0.333333333333
Miro 147051 147150 -0.025641025641
Miro 147151 147250 0.257142857143
Miro 147251 147350 0.0
Miro 147351 147450 0.0222222222222
Miro 147451 147550 0.0666666666667
Miro 147551 147650 0.130434782609
Miro 147651 147750 -0.125
Miro 147751 147850 -0.148936170213
Miro 147851 147950 0.162790697674
Miro 147951 148050 0.0
Miro 148051 148150 0.466666666667
Miro 148151 148250 0.227272727273
Miro 148251 148350 -0.0222222222222
Miro 148351 148450 0.142857142857
Miro 148451 148550 0.217391304348
Miro 148551 148650 0.063829787234
Miro 148651 148750 0.368421052632
Miro 148751 148850 -0.121951219512
Miro 148851 148950 -0.05
Miro 148951 149050 0.130434782609
Miro 149051 149150 -0.0666666666667
Miro 149151 149250 -0.0222222222222
Miro 149251 149350 0.106382978723
Miro 149351 149450 0.0434782608696
Miro 149451 149550 0.027027027027
Miro 149551 149650 0.318181818182
Miro 149651 149750 0.128205128205
Miro 149751 149850 0.255813953488
Miro 149851 149950 -0.0434782608696
Miro 149951 150050 -0.116279069767
Miro 150051 150150 0.1
Miro 150151 150250 0.230769230769
Miro 150251 150350 0.179487179487
Miro 150351 150450 0.255813953488
Miro 150451 150550 0.34693877551
Miro 150551 150650 0.317073170732
Miro 150651 150750 0.0
Miro 150751 150850 0.314285714286
Miro 150851 150950 0.179487179487
Miro 150951 151050 -0.0285714285714
Miro 151051 151150 -0.0810810810811
Miro 151151 151250 0.063829787234
Miro 151251 151350 0.162790697674
Miro 151351 151450 0.0416666666667
Miro 151451 151550 0.125
Miro 151551 151650 -0.0212765957447
Miro 151651 151750 0.0416666666667
Miro 151751 151850 0.0434782608696
Miro 151851 151950 0.333333333333
Miro 151951 152050 0.136363636364
Miro 152051 152150 0.0697674418605
Miro 152151 152250 0.183673469388
Miro 152251 152350 0.538461538462
Miro 152351 152450 0.0731707317073
Miro 152451 152550 -0.0243902439024
Miro 152551 152650 0.0697674418605
Miro 152651 152750 0.235294117647
Miro 152751 152850 0.0857142857143
Miro 152851 152950 -0.0869565217391
Miro 152951 153050 0.276595744681
Miro 153051 153150 -0.135135135135
Miro 153151 153250 -0.05
Miro 153251 153350 0.0810810810811
Miro 153351 153450 -0.0222222222222
Miro 153451 153550 0.0810810810811
Miro 153551 153650 -0.027027027027
Miro 153651 153750 -0.0526315789474
Miro 153751 153850 0.157894736842
Miro 153851 153950 0.0731707317073
Miro 153951 154050 -0.0869565217391
Miro 154051 154150 0.0188679245283
Miro 154151 154250 -0.0232558139535
Miro 154251 154350 -0.0588235294118
Miro 154351 154450 0.0
Miro 154451 154550 0.1
Miro 154551 154650 0.05
Miro 154651 154750 0.2
Miro 154751 154850 0.209302325581
Miro 154851 154950 0.05
Miro 154951 155050 0.047619047619
Miro 155051 155150 -0.230769230769
Miro 155151 155250 -0.148936170213
Miro 155251 155350 0.137254901961
Miro 155351 155450 -0.063829787234
Miro 155451 155550 0.0
Miro 155551 155650 -0.0697674418605
Miro 155651 155750 0.15
Miro 155751 155850 -0.047619047619
Miro 155851 155950 0.238095238095
Miro 155951 156050 0.12
Miro 156051 156150 0.130434782609
Miro 156151 156250 0.227272727273
Miro 156251 156350 0.0204081632653
Miro 156351 156450 0.0952380952381
Miro 156451 156550 -0.047619047619
Miro 156551 156650 0.1
Miro 156651 156750 0.0952380952381
Miro 156751 156850 0.0980392156863
Miro 156851 156950 0.0526315789474
Miro 156951 157050 0.047619047619
Miro 157051 157150 -0.0222222222222
Miro 157151 157250 0.315789473684
Miro 157251 157350 0.282051282051
Miro 157351 157450 0.0322580645161
Miro 157451 157550 0.0243902439024
Miro 157551 157750 0.209302325581
Miro 157751 157850 0.05
Miro 157851 157950 0.0344827586207
Miro 157951 158050 0.181818181818
Miro 158051 158150 0.0
Miro 158151 158250 -0.0909090909091
Miro 158251 158350 0.368421052632
Miro 158351 158450 -0.030303030303
Miro 158451 158550 -0.257142857143
Miro 158551 158650 -0.0810810810811
Miro 158651 158750 0.0
Miro 158751 158850 0.125
Miro 158851 158950 0.25
Miro 158951 159050 0.142857142857
Miro 159051 159150 0.5
Miro 159151 159250 0.0454545454545
Miro 159251 159350 -0.0869565217391
Miro 159351 159450 -0.0454545454545
Miro 159451 159550 0.151515151515
Miro 159551 159650 -0.0714285714286
Miro 159651 159750 -0.0196078431373
Miro 159751 159850 -0.0697674418605
Miro 159851 159950 -0.166666666667
Miro 159951 160050 0.0
Miro 160051 160150 0.0588235294118
Miro 160151 160250 0.0697674418605
Miro 160251 160350 -0.111111111111
Miro 160351 160450 0.0212765957447
Miro 160451 160550 0.0869565217391
Miro 160551 160750 0.0
Miro 160751 160850 0.128205128205
Miro 160851 160950 -0.105263157895
Miro 160951 161050 -0.0952380952381
Miro 161051 161150 0.230769230769
Miro 161151 161250 -0.135135135135
Miro 161251 161350 0.170731707317
Miro 161351 161550 0.333333333333
Miro 161551 161650 -0.025641025641
Miro 161651 161750 0.179487179487
Miro 161751 161950 0.2
Miro 161951 162050 0.260869565217
Miro 162051 162150 0.0
Miro 162151 162250 -0.0416666666667
Miro 162251 162350 0.063829787234
Miro 162351 162450 -0.0416666666667
Miro 162451 162550 0.0869565217391
Miro 162551 162650 0.0
Miro 162651 162750 0.0243902439024
Miro 162751 162850 0.121951219512
Miro 162851 162950 -0.282051282051
Miro 162951 163050 0.179487179487
Miro 163051 163150 -0.047619047619
Miro 163151 163250 0.0
Miro 163251 163350 0.0212765957447
Miro 163351 163450 0.0
Miro 163451 163550 -0.0612244897959
Miro 163551 163650 -0.191489361702
Miro 163651 163750 0.0666666666667
Miro 163751 163950 0.0204081632653
Miro 163951 164050 0.0
Miro 164051 164150 0.05
Miro 164151 164250 -0.063829787234
Miro 164251 164350 0.115384615385
Miro 164351 164450 0.116279069767
Miro 164451 164550 0.2
Miro 164551 164650 0.0666666666667
Miro 164651 164750 0.063829787234
Miro 164751 164850 0.130434782609
Miro 164851 164950 0.0222222222222
Miro 164951 165050 0.0212765957447
Miro 165051 165150 0.121951219512
Miro 165151 165250 0.176470588235
Miro 165251 165350 -0.0833333333333
Miro 165351 165450 -0.063829787234
Miro 165451 165550 0.0980392156863
Miro 165551 165650 0.136363636364
Miro 165651 165750 0.155555555556
Miro 165751 165850 -0.2
Miro 165851 165950 0.1
Miro 165951 166050 0.105263157895
Miro 166051 166150 0.0952380952381
Miro 166151 166250 0.230769230769
Miro 166251 166350 0.0
Miro 166351 166450 0.190476190476
Miro 166451 166550 0.142857142857
Miro 166551 166650 0.0697674418605
Miro 166651 166750 0.136363636364
Miro 166751 166850 0.0666666666667
Miro 166851 166950 0.162790697674
Miro 166951 167050 0.0
Miro 167051 167150 0.333333333333
Miro 167151 167250 -0.0243902439024
Miro 167251 167350 -0.0769230769231
Miro 167351 167450 0.116279069767
Miro 167451 167550 -0.0196078431373
Miro 167551 167650 0.0232558139535
Miro 167651 167750 0.128205128205
Miro 167751 167850 0.0
Miro 167851 167950 0.111111111111
Miro 167951 168050 0.0731707317073
Miro 168051 168150 0.315789473684
Miro 168151 168250 0.105263157895
Miro 168251 168350 -0.047619047619
Miro 168351 168450 0.0212765957447
Miro 168451 168550 -0.0731707317073
Miro 168551 168650 0.170731707317
Miro 168651 168750 -0.0243902439024
Miro 168751 168850 0.176470588235
Miro 168851 168950 0.318181818182
Miro 168951 169050 0.162790697674
Miro 169051 169150 0.063829787234
Miro 169151 169250 0.0232558139535
Miro 169251 169350 0.0588235294118
Miro 169351 169450 0.0731707317073
Miro 169451 169550 0.155555555556
Miro 169551 169650 0.0
Miro 169651 169750 0.1
Miro 169751 169850 0.0952380952381
Miro 169851 169950 0.142857142857
Miro 169951 170150 -0.0526315789474
Miro 170151 170250 0.181818181818
Miro 170251 170350 0.304347826087
Miro 170351 170450 0.025641025641
Miro 170451 170550 0.155555555556
Miro 170551 170650 0.268292682927
Miro 170651 170750 0.162790697674
Miro 170751 170850 0.238095238095
Miro 170851 170950 0.121951219512
Miro 170951 171050 0.142857142857
Miro 171051 171150 0.111111111111
Miro 171151 171250 0.0212765957447
Miro 171251 171350 0.2
Miro 171351 171450 0.224489795918
Miro 171451 171550 0.285714285714
Miro 171551 171650 0.0526315789474
Miro 171651 171750 0.277777777778
Miro 171751 171850 0.421052631579
Miro 171851 171950 0.157894736842
Miro 171951 172050 -0.133333333333
Miro 172051 172150 0.294117647059
Miro 172151 172250 0.243243243243
Miro 172251 172350 0.0454545454545
Miro 172351 172450 -0.117647058824
Miro 172451 172550 -0.230769230769
Miro 172551 172650 0.111111111111
Miro 172651 172750 0.217391304348
Miro 172751 172850 -0.395348837209
Miro 172851 172950 -0.28
Miro 172951 173050 -0.0731707317073
Miro 173051 173150 -0.116279069767
Miro 173151 173250 -0.155555555556
Miro 173251 173350 -0.027027027027
Miro 173351 173450 -0.125
Miro 173451 173550 -0.0869565217391
Miro 173551 173650 -0.0212765957447
Miro 173651 173750 -0.288888888889
Miro 173751 173850 -0.0731707317073
Miro 173851 173950 0.0222222222222
Miro 173951 174150 -0.128205128205
Miro 174151 174250 0.0555555555556
Miro 174251 174350 -0.0810810810811
Miro 174351 174450 -0.105263157895
Miro 174451 174550 -0.111111111111
Miro 174551 174650 0.111111111111
Miro 174651 174750 0.0
Miro 174751 174850 -0.105263157895
Miro 174851 174950 0.0
Miro 174951 175050 -0.04
Miro 175051 175150 -0.130434782609
Miro 175151 175250 0.0
Miro 175251 175450 -0.0454545454545
Miro 175451 175550 -0.128205128205
Miro 175551 175650 -0.030303030303
Miro 175651 175750 -0.333333333333
Miro 175751 175850 -0.173913043478
Miro 175851 175950 -0.0212765957447
