ctgA 1 20 -0.506365641109759
ctgA 101 120 -0.873297297213995
ctgA 201 220 -0.999755839901149
ctgA 301 320 -0.850919359639177
ctgA 401 420 -0.467771805322476
ctgA 501 520 0.0441824483318732
ctgA 601 620 0.543970523363376
ctgA 701 720 0.893969648197021
ctgA 801 820 0.99780327442197
ctgA 901 920 0.826879540532003
ctgA 1001 1020 0.428264391396659
ctgA 1101 1120 -0.0882786064717262
ctgA 1201 1220 -0.580513008156313
ctgA 1301 1320 -0.91289603861164
ctgA 1401 1420 -0.993901956906654
ctgA 1501 1520 -0.801224790676895
ctgA 1601 1620 -0.387920558984219
ctgA 1701 1720 0.132202352755937
ctgA 1801 1820 0.615921726468774
ctgA 1901 1920 0.930039504416137
ctgA 2001 2020 0.988059506793465
ctgA 2101 2120 0.774005214886395
ctgA 2201 2220 0.34681910129778
ctgA 2301 2320 -0.175867902248536
ctgA 2401 2420 -0.650127523574896
ctgA 2501 2520 -0.945366563696042
ctgA 2601 2620 -0.980287334634812
ctgA 2701 2720 -0.745273974144339
ctgA 2801 2820 -0.305040291224202
ctgA 2901 2920 0.219189974282818
ctgA 3001 3020 0.683063594104854
ctgA 3101 3120 0.958847282055722
ctgA 3201 3220 0.970600619811948
ctgA 3301 3320 0.71508718178021
ctgA 3401 3420 0.262665724548229
ctgA 3501 3520 -0.262083959018097
ctgA 3601 3620 -0.714665612518583
ctgA 3701 3720 -0.970455331081526
ctgA 3801 3820 -0.959018280889002
ctgA 3901 3920 -0.683503793877429
ctgA 4001 4020 -0.219778160592474
ctgA 4101 4120 0.304466082686301
ctgA 4201 4220 0.744871858736274
ctgA 4301 4320 0.980168039762288
ctgA 4401 4420 0.945562938664219
ctgA 4501 4520 0.650585494129627
ctgA 4601 4620 0.176461360584952
ctgA 4701 4720 -0.346253571205695
ctgA 4801 4820 -0.773623338680308
ctgA 4901 4920 -0.987966438766777
ctgA 5001 5020 -0.930260871990585
ctgA 5101 5120 -0.61639657336978
ctgA 5201 5220 -0.132799924069858
ctgA 5301 5320 0.38736481184216
ctgA 5401 5420 0.800863899493182
ctgA 5501 5520 0.993835297491596
ctgA 5601 5620 0.913141966452114
ctgA 5701 5720 0.581003804007494
ctgA 5801 5820 0.0888791236810795
ctgA 5901 5920 -0.427719512602322
ctgA 6001 6020 -0.826540339206424
ctgA 6101 6120 -0.997763153807204
ctgA 6201 6220 -0.894239655996039
ctgA 6301 6320 -0.544476309619657
ctgA 6401 6420 -0.044784738601126
ctgA 6501 6520 0.467238859047214
ctgA 6601 6620 0.850602510646281
ctgA 6701 6720 0.999742336443933
ctgA 6801 6820 0.873590857634893
ctgA 6901 6920 0.50688542994917
ctgA 7001 7020 0.000602887030758908
ctgA 7101 7120 -0.505845668220208
ctgA 7201 7220 -0.873003419373278
ctgA 7301 7320 -0.999768979974307
ctgA 7401 7420 -0.851235899346026
ctgA 7501 7520 -0.468304581575409
ctgA 7601 7620 0.043580142003502
ctgA 7701 7720 0.543464539388603
ctgA 7801 7820 0.893699315464349
ctgA 7901 7920 0.997843032362382
ctgA 8001 8020 0.827218441309355
ctgA 8101 8120 0.428809114528536
ctgA 8201 8220 -0.0876780571755001
ctgA 8301 8320 -0.580022001304441
ctgA 8401 8420 -0.912649778958282
ctgA 8501 8520 -0.993968255065378
ctgA 8601 8620 -0.801585390637186
ctgA 8701 8720 -0.388476165127704
ctgA 8801 8820 0.131604733390055
ctgA 8901 8920 0.615446655696971
ctgA 9001 9020 0.929817798797622
ctgA 9101 9120 0.988152215687393
ctgA 9201 9220 0.774386809762636
ctgA 9301 9320 0.347384505330554
ctgA 9401 9420 -0.17527437998892
ctgA 9501 9520 -0.64966931671649
ctgA 9601 9620 -0.945169845112828
ctgA 9701 9720 -0.980406273199548
ctgA 9801 9820 -0.745675818665582
ctgA 9901 9920 -0.305614388888252
ctgA 10001 10020 0.218601708303567
ctgA 10101 10120 0.682623146057239
ctgA 10201 10220 0.958675934707531
ctgA 10301 10320 0.97074555575544
ctgA 10401 10420 0.715508491127093
ctgA 10501 10520 0.263247394606515
ctgA 10601 10620 -0.261502098227572
ctgA 10701 10720 -0.714243783495441
ctgA 10801 10820 -0.970309689616982
ctgA 10901 10920 -0.959188931145217
ctgA 11001 11020 -0.683943745214962
ctgA 11101 11120 -0.220366267018746
ctgA 11201 11220 0.303891763483259
ctgA 11301 11320 0.744469472587545
ctgA 11401 11420 0.980048388625338
ctgA 11501 11520 0.945758969945982
ctgA 11601 11620 0.651043228214223
ctgA 11701 11720 0.177054754782462
ctgA 11801 11820 -0.345687915259853
ctgA 11901 11920 -0.773241181283175
ctgA 12001 12020 -0.987873011641156
ctgA 12101 12120 -0.930481901440504
ctgA 12201 12220 -0.616871196227395
ctgA 12301 12320 -0.133397447114619
ctgA 12401 12420 0.386808923903526
ctgA 12501 12520 0.800502717217221
ctgA 12601 12620 0.993768276844436
ctgA 12701 12720 0.913387562390317
ctgA 12801 12820 0.581494388679593
ctgA 12901 12920 0.0894796085852885
ctgA 13001 13020 -0.427174478343574
ctgA 13101 13120 -0.82620083745591
ctgA 13201 13220 -0.997722670532666
ctgA 13301 13320 -0.89450933876326
ctgA 13401 13420 -0.544981897973607
ctgA 13501 13520 -0.0453870125923442
ctgA 13601 13620 0.466705742943332
ctgA 13701 13720 0.850285352482504
ctgA 13801 13820 0.999728469607566
ctgA 13901 13920 0.873884100529272
ctgA 14001 14020 0.507405034549512
ctgA 14101 14120 0.00120577384238478
ctgA 14201 14220 -0.505325511469513
ctgA 14301 14320 -0.87270922421956
ctgA 14401 14420 -0.999781756658628
ctgA 14501 14520 -0.851552129651776
ctgA 14601 14620 -0.468837187612361
ctgA 14701 14720 0.0429778198349343
ctgA 14801 14820 0.542958357879249
ctgA 14901 14920 0.893428657896279
ctgA 15001 15020 0.997882427613987
ctgA 15101 15120 0.827557041415301
ctgA 15201 15220 0.429353681799962
ctgA 15301 15320 -0.0870774760106846
ctgA 15401 15420 -0.579530783630345
ctgA 15501 15520 -0.912403187581549
ctgA 15601 15620 -0.994034191943674
ctgA 15701 15720 -0.801945699242987
ctgA 15801 15820 -0.389031630070668
ctgA 15901 15920 0.131007066189432
ctgA 16001 16020 0.614971361227045
ctgA 16101 16120 0.929595755215624
ctgA 16201 16220 0.988244565414863
ctgA 16301 16320 0.774768123170331
ctgA 16401 16420 0.347949783098507
ctgA 16501 16520 -0.174680794021833
ctgA 16601 16620 -0.649210873720956
ctgA 16701 16720 -0.94497278298608
ctgA 16801 16820 -0.980524855413266
ctgA 16901 16920 -0.746077392153944
ctgA 17001 17020 -0.306188375469783
ctgA 17101 17120 0.21801336286854
ctgA 17201 17220 0.682182449894674
ctgA 17301 17320 0.958504238906709
ctgA 17401 17420 0.970890138859323
ctgA 17501 17520 0.715929540406099
ctgA 17601 17620 0.263828968981531
ctgA 17701 17720 -0.260920142388146
ctgA 17801 17820 -0.713821694864108
ctgA 17901 17920 -0.970163695471254
ctgA 18001 18020 -0.959359232762341
ctgA 18101 18120 -0.684383447957544
ctgA 18201 18220 -0.220954293347872
ctgA 18301 18320 0.303317333823826
ctgA 18401 18420 0.744066815844409
ctgA 18501 18520 0.979928381267452
ctgA 18601 18620 0.94595465747008
ctgA 18701 18720 0.651500725662311
ctgA 18801 18820 0.177648084625384
ctgA 18901 18920 -0.345122133665854
ctgA 19001 19020 -0.772858742833902
ctgA 19101 19120 -0.987779225450561
ctgA 19201 19220 -0.930702592685557
ctgA 19301 19320 -0.617345594869105
ctgA 19401 19420 -0.133994921673036
ctgA 19501 19520 0.386252895370368
ctgA 19601 19620 0.800141243980293
ctgA 19701 19720 0.993700894989533
ctgA 19801 19820 0.91363282633698
ctgA 19901 19920 0.581984761994295
ctgA 20001 20020 0.0900800609660932
ctgA 20101 20120 -0.42662928881852
ctgA 20201 20220 -0.825861035403859
ctgA 20301 20320 -0.99768182461307
ctgA 20401 20420 -0.894778696400663
ctgA 20501 20520 -0.545487288241457
ctgA 20601 20620 -0.0459892700866177
ctgA 20701 20720 0.466172457204606
ctgA 20801 20820 0.849967885263126
ctgA 20901 20920 0.999714239397087
ctgA 21001 21020 0.874177025790545
ctgA 21101 21120 0.507924454721923
ctgA 21201 21220 0.00180866021574464
ctgA 21301 21320 -0.504805171046737
ctgA 21401 21420 -0.872414711859773
ctgA 21501 21520 -0.999794169949471
ctgA 21601 21620 -0.851868050441484
ctgA 21701 21720 -0.469369623239746
ctgA 21801 21820 0.0423754820450979
ctgA 21901 21920 0.542451979019298
ctgA 22001 22020 0.893157675591189
ctgA 22101 22120 0.997921460162468
ctgA 22201 22220 0.827895340726768
ctgA 22301 22320 0.429898093013001
ctgA 22401 22420 -0.0864768631955748
ctgA 22501 22520 -0.579039355312569
ctgA 22601 22620 -0.91215626457107
ctgA 22701 22720 -0.994099767517573
ctgA 22801 22820 -0.802305716363335
ctgA 22901 22920 -0.389586953611214
ctgA 23001 23020 0.130409351371303
ctgA 23101 23120 0.614495843231754
ctgA 23201 23220 0.929373373750848
ctgA 23301 23320 0.98833655594231
ctgA 23401 23420 0.775149154970883
ctgA 23501 23520 0.348514934396177
ctgA 23601 23620 -0.174087144563029
ctgA 23701 23720 -0.648752194754925
ctgA 23801 23820 -0.944775377387424
ctgA 23901 23920 -0.980643081232865
ctgA 24001 24020 -0.746478694463463
ctgA 24101 24120 -0.306762250760167
ctgA 24201 24220 0.217424938191585
ctgA 24301 24320 0.681741505777341
ctgA 24401 24420 0.958332194715663
ctgA 24501 24520 0.971034369071043
ctgA 24601 24620 0.716350329464186
ctgA 24701 24720 0.264410447461892
ctgA 24801 24820 -0.260338091711345
ctgA 24901 24920 -0.713399346778001
ctgA 25001 25020 -0.970017348697407
ctgA 25101 25120 -0.959529185678474
ctgA 25201 25220 -0.684822901945355
ctgA 25301 25320 -0.221542239366122
ctgA 25401 25420 0.302742793916791
ctgA 25501 25520 0.743663888653221
ctgA 25601 25620 0.979808017732248
ctgA 25701 25720 0.946150001165385
ctgA 25801 25820 0.651957986307603
ctgA 25901 25920 0.178241349898059
ctgA 26001 26020 -0.344556226629346
ctgA 26101 26120 -0.772476023471494
ctgA 26201 26220 -0.98768508022908
ctgA 26301 26320 -0.930922945645528
ctgA 26401 26420 -0.617819769122481
ctgA 26501 26520 -0.134592347527942
ctgA 26601 26620 0.385696726444787
ctgA 26701 26720 0.799779479913782
ctgA 26801 26820 0.993633151951378
ctgA 26901 26920 0.913877758202957
ctgA 27001 27020 0.582474923773363
ctgA 27101 27120 0.0906804806052454
ctgA 27201 27220 -0.426083944225323
ctgA 27301 27320 -0.825520933173783
ctgA 27401 27420 -0.997640616063263
ctgA 27501 27520 -0.895047728810343
ctgA 27601 27620 -0.545992480239513
ctgA 27701 27720 -0.0465915108650422
ctgA 27801 27820 0.465639002024868
ctgA 27901 27920 0.849650109103536
ctgA 28001 28020 0.99969964581767
ctgA 28101 28120 0.874469633312244
ctgA 28201 28220 0.508443690277607
ctgA 28301 28320 0.00241154593170571
ctgA 28401 28420 -0.50428464714101
ctgA 28501 28520 -0.872119882400963
ctgA 28601 28620 -0.999806219842322
ctgA 28701 28720 -0.852183661600323
ctgA 28801 28820 -0.469901888264038
ctgA 28901 28920 0.0417731288529262
ctgA 29001 29020 0.541945402992805
ctgA 29101 29120 0.892886368647573
ctgA 29201 29220 0.997960129993637
ctgA 29301 29320 0.828233339120793
ctgA 29401 29420 0.430442347969774
ctgA 29501 29520 -0.0858762189484769
ctgA 29601 29620 -0.578547716529735
ctgA 29701 29720 -0.911909010016595
ctgA 29801 29820 -0.994164981763242
ctgA 29901 29920 -0.802665441867374
ctgA 30001 30020 -0.390142135547497
ctgA 30101 30120 0.129811589152921
ctgA 30201 30220 0.614020101883935
ctgA 30301 30320 0.929150654484127
ctgA 30401 30420 0.988428187236296
ctgA 30501 30520 0.775529905025798
ctgA 30601 30620 0.349079959018146
ctgA 30701 30720 -0.173493431828281
ctgA 30801 30820 -0.648293279985113
ctgA 30901 30920 -0.944577628388612
ctgA 31001 31020 -0.980760950615372
ctgA 31101 31120 -0.746879725448277
ctgA 31201 31220 -0.307336014550815
ctgA 31301 31320 0.216836434486577
ctgA 31401 31420 0.68130031386551
ctgA 31501 31520 0.958159802196927
ctgA 31601 31620 0.971178246338178
ctgA 31701 31720 0.716770858148409
ctgA 31801 31820 0.264991829836246
ctgA 31901 31920 -0.259755946408727
ctgA 32001 32020 -0.712976739390632
ctgA 32101 32120 -0.969870649348633
ctgA 32201 32220 -0.959698789831842
ctgA 32301 32320 -0.685262107018665
ctgA 32401 32420 -0.222130104859792
ctgA 32501 32520 0.302168143970983
ctgA 32601 32620 0.743260691160433
ctgA 32701 32720 0.979687298063475
ctgA 32801 32820 0.946345000960895
ctgA 32901 32920 0.652415009983898
ctgA 33001 33020 0.17883455038485
ctgA 33101 33120 -0.34399019435602
ctgA 33201 33220 -0.772093023335059
ctgA 33301 33320 -0.987590576010932
ctgA 33401 33420 -0.931142960240324
ctgA 33501 33520 -0.618293718815172
ctgA 33601 33620 -0.13518972446219
ctgA 33701 33720 0.385140417328934
ctgA 33801 33820 0.79941742514918
ctgA 33901 33920 0.993565047754595
ctgA 34001 34020 0.914122357899222
ctgA 34101 34120 0.582964873838637
ctgA 34201 34220 0.091280867284509
ctgA 34301 34320 -0.425538444762198
ctgA 34401 34420 -0.825180530889296
ctgA 34501 34520 -0.997599044898223
ctgA 34601 34620 -0.895316435894515
ctgA 34701 34720 -0.546497473784151
ctgA 34801 34820 -0.0471937347087195
ctgA 34901 34920 0.465105377598017
ctgA 35001 35020 0.849332024119238
ctgA 35101 35120 0.999684688874618
ctgA 35201 35220 0.874761922988011
ctgA 35301 35320 0.508962741027838
ctgA 35401 35420 0.00301443077113541
ctgA 35501 35520 -0.503763939941528
ctgA 35601 35620 -0.871824735950293
ctgA 35701 35720 -0.999817906332802
ctgA 35801 35820 -0.852498963013576
ctgA 35901 35920 -0.470433982491772
ctgA 36001 36020 0.0411707604773582
ctgA 36101 36120 0.541438629983896
ctgA 36201 36220 0.892614737164045
ctgA 36301 36320 0.997998437093437
ctgA 36401 36420 0.828571036474523
ctgA 36501 36520 0.430986446472459
ctgA 36601 36620 -0.0852755434877088
ctgA 36701 36720 -0.57805586746054
ctgA 36801 36820 -0.911661424007995
ctgA 36901 36920 -0.994229834656976
ctgA 37001 37020 -0.803024875624353
ctgA 37101 37120 -0.390697175677724
ctgA 37201 37220 0.129213779751557
ctgA 37301 37320 0.613544137356508
ctgA 37401 37420 0.92892759749641
ctgA 37501 37520 0.988519459263516
ctgA 37601 37620 0.775910373196683
ctgA 37701 37720 0.349644856759043
ctgA 37801 37820 -0.17289965603339
ctgA 37901 37920 -0.647834129578325
ctgA 38001 38020 -0.944379536061519
ctgA 38101 38120 -0.980878463517946
ctgA 38201 38220 -0.747280484962623
ctgA 38301 38320 -0.30790966663318
ctgA 38401 38420 0.216247851967423
ctgA 38501 38520 0.680858874319544
ctgA 38601 38620 0.957987061413159
ctgA 38701 38720 0.971321770608431
ctgA 38801 38820 0.717191126305919
ctgA 38901 38920 0.265573115893276
ctgA 39001 39020 -0.259173706691886
ctgA 39101 39120 -0.712553872855609
ctgA 39201 39220 -0.969723597478254
ctgA 39301 39320 -0.959868045160799
ctgA 39401 39420 -0.685701063017834
ctgA 39501 39520 -0.22271788961521
ctgA 39601 39620 0.301593384195272
ctgA 39701 39720 0.742857223512596
ctgA 39801 39820 0.979566222305013
ctgA 39901 39920 0.946539656785734
ctgA 40001 40020 0.652871796525078
ctgA 40101 40120 0.179427685870145
ctgA 40201 40220 -0.343424037051613
ctgA 40301 40320 -0.771709742563807
ctgA 40401 40420 -0.987495712830468
ctgA 40501 40520 -0.931362636389977
ctgA 40601 40620 -0.618767443774911
ctgA 40701 40720 -0.13578705225865
ctgA 40801 40820 0.384583968225014
ctgA 40901 40920 0.799055079818084
ctgA 41001 41020 0.993496582423937
ctgA 41101 41120 0.91436662533687
ctgA 41201 41220 0.583454612012034
ctgA 41301 41320 0.0918812207856598
ctgA 41401 41420 -0.424992790627422
ctgA 41501 41520 -0.824839828674128
ctgA 41601 41620 -0.997557111133059
ctgA 41701 41720 -0.895584817555511
ctgA 41801 41820 -0.547002268691819
ctgA 41901 41920 -0.0477959413987577
ctgA 42001 42020 0.464571584118009
ctgA 42101 42120 0.849013630425847
ctgA 42201 42220 0.999669368573369
ctgA 42301 42320 0.87505389471161
ctgA 42401 42420 0.509481606783953
ctgA 42501 42520 0.0036173145149015
ctgA 42601 42620 -0.503243049637554
ctgA 42701 42720 -0.871529272615042
ctgA 42801 42820 -0.999829229416663
ctgA 42901 42920 -0.85281395456664
ctgA 43001 43020 -0.470965905729547
ctgA 43101 43120 0.0405683771373384
ctgA 43201 43220 0.540931660176769
ctgA 43301 43320 0.892342781239334
ctgA 43401 43420 0.998036381447947
ctgA 43501 43520 0.828908432665215
ctgA 43601 43620 0.431530388323292
ctgA 43701 43720 -0.0846748370315997
ctgA 43801 43820 -0.577563808283757
ctgA 43901 43920 -0.911413506635259
ctgA 44001 44020 -0.994294326175203
ctgA 44101 44120 -0.803384017503629
ctgA 44201 44220 -0.391252073800153
ctgA 44301 44320 0.128615923384498
ctgA 44401 44420 0.613067949822471
ctgA 44501 44520 0.928704202868774
ctgA 44601 44620 0.988610371990796
ctgA 44701 44720 0.776290559345248
ctgA 44801 44820 0.350209627413543
ctgA 44901 44920 -0.172305817394175
ctgA 45001 45020 -0.647374743701449
ctgA 45101 45120 -0.944181100478148
ctgA 45201 45220 -0.980995619897873
ctgA 45301 45320 -0.747680972860835
ctgA 45401 45420 -0.308483206798754
ctgA 45501 45520 0.215659190848055
ctgA 45601 45620 0.680417187299892
ctgA 45701 45720 0.957813972427147
ctgA 45801 45820 0.971464941829636
ctgA 45901 45920 0.717611133783957
ctgA 46001 46020 0.266154305421701
ctgA 46101 46120 -0.258591372772452
ctgA 46201 46220 -0.71213074732663
ctgA 46301 46320 -0.969576193139719
ctgA 46401 46420 -0.960036951603826
ctgA 46501 46520 -0.686139769783315
ctgA 46601 46620 -0.223305593418733
ctgA 46701 46720 0.301018514798568
ctgA 46801 46820 0.742453485856362
ctgA 46901 46920 0.979444790500868
ctgA 47001 47020 0.946733968569148
ctgA 47101 47120 0.653328345765115
ctgA 47201 47220 0.180020756138357
ctgA 47301 47320 -0.342857754921908
ctgA 47401 47420 -0.77132618129705
ctgA 47501 47520 -0.987400490722168
ctgA 47601 47620 -0.931581974014641
ctgA 47701 47720 -0.619240943829511
ctgA 47801 47820 -0.13638433070021
ctgA 47901 47920 0.38402737933528
ctgA 48001 48020 0.798692444052197
ctgA 48101 48120 0.993427755984289
ctgA 48201 48220 0.914610560427116
ctgA 48301 48320 0.583944138115545
ctgA 48401 48420 0.0924815408904855
ctgA 48501 48520 -0.424446982019324
ctgA 48601 48620 -0.824498826652114
ctgA 48701 48720 -0.997514814783015
ctgA 48801 48820 -0.895852873695781
ctgA 48901 48920 -0.547506864779039
ctgA 49001 49020 -0.048398130716271
ctgA 49101 49120 0.464037621778865
ctgA 49201 49220 0.848694928139091
ctgA 49301 49320 0.99965368491949
ctgA 49401 49420 0.875345548376914
ctgA 49501 49520 0.51000028735736
ctgA 49601 49620 0.00422019694387214
ctgA 49701 49720 -0.502721976418416
ctgA 49801 49820 -0.871233492502601
