ctgA 999 1000 1000,1000,1000,1000
ctgA 1658 1984 300,300,300,300
ctgA 3013 4714 10,10,10,10
ctgA 4714 5968 300,300,300,300
ctgA 5968 6130 400,400,400,400
ctgA 13279 15328 1000,1000,1000,1000
ctgA 15328 15533 400,400,400,400
ctgA 15533 16394 304,304,304,304
ctgA 19156 22131 320,320,320,320
ctgA 22131 23071 850,850,850,850
ctgA 23071 23185 320,320,320,320
ctgA 23185 24561 208,208,208,208
ctgA 24561 28338 111,111,111,111
ctgA 36033 36648 999,999,999,999
ctgA 36648 37241 444,444,444,444
ctgA 37241 38653 999,999,999,999
ctgA 38653 40440 203,203,203,203
ctgA 44704 46989 100,100,100,100
ctgA 46989 48410 1000,1000,1000,1000
